lastAccountName: cyberpwn
timestamps:
  login: 1447230945816
  logout: 1447218173857
ipAddress: 127.0.0.1
logoutlocation:
  world: fast
  x: -1471.2305404226443
  y: 4.0
  z: 2446.7563707945546
  yaw: -281.5489
  pitch: 14.250052
afk: false
